 -0.000171 ( 31.999829) --   0.000319 (-97.999681)
 -0.000343 ( 31.999657) --   0.000316 (-97.874684)
 -0.000515 ( 31.999485) --   0.000312 (-97.749688)
 -0.000687 ( 31.999313) --   0.000309 (-97.624691)
 -0.000860 ( 31.999140) --   0.000305 (-97.499695)
 -0.001033 ( 31.998967) --   0.000301 (-97.374699)
 -0.001206 ( 31.998794) --   0.000298 (-97.249702)
 -0.001379 ( 31.998621) --   0.000294 (-97.124706)
 -0.001553 ( 31.998447) --   0.000290 (-96.999710)

 -0.000175 ( 31.874825) --   0.000319 (-97.999681)
 -0.000350 ( 31.874650) --   0.000315 (-97.874685)
 -0.000525 ( 31.874475) --   0.000312 (-97.749688)
 -0.000701 ( 31.874299) --   0.000308 (-97.624692)
 -0.000876 ( 31.874124) --   0.000305 (-97.499695)
 -0.001053 ( 31.873947) --   0.000301 (-97.374699)
 -0.001229 ( 31.873771) --   0.000297 (-97.249703)
 -0.001406 ( 31.873594) --   0.000294 (-97.124706)
 -0.001583 ( 31.873417) --   0.000290 (-96.999710)

 -0.000178 ( 31.749822) --   0.000319 (-97.999681)
 -0.000356 ( 31.749644) --   0.000315 (-97.874685)
 -0.000535 ( 31.749465) --   0.000311 (-97.749689)
 -0.000714 ( 31.749286) --   0.000308 (-97.624692)
 -0.000893 ( 31.749107) --   0.000304 (-97.499696)
 -0.001073 ( 31.748927) --   0.000300 (-97.374700)
 -0.001253 ( 31.748747) --   0.000297 (-97.249703)
 -0.001433 ( 31.748567) --   0.000293 (-97.124707)
 -0.001613 ( 31.748387) --   0.000290 (-96.999710)

 -0.000181 ( 31.624819) --   0.000318 (-97.999682)
 -0.000363 ( 31.624637) --   0.000315 (-97.874685)
 -0.000545 ( 31.624455) --   0.000311 (-97.749689)
 -0.000728 ( 31.624272) --   0.000307 (-97.624693)
 -0.000910 ( 31.624090) --   0.000304 (-97.499696)
 -0.001093 ( 31.623907) --   0.000300 (-97.374700)
 -0.001277 ( 31.623723) --   0.000296 (-97.249704)
 -0.001460 ( 31.623540) --   0.000293 (-97.124707)
 -0.001644 ( 31.623356) --   0.000289 (-96.999711)

 -0.000185 ( 31.499815) --   0.000318 (-97.999682)
 -0.000370 ( 31.499630) --   0.000314 (-97.874686)
 -0.000556 ( 31.499444) --   0.000311 (-97.749689)
 -0.000741 ( 31.499259) --   0.000307 (-97.624693)
 -0.000927 ( 31.499073) --   0.000303 (-97.499697)
 -0.001114 ( 31.498886) --   0.000300 (-97.374700)
 -0.001301 ( 31.498699) --   0.000296 (-97.249704)
 -0.001488 ( 31.498512) --   0.000292 (-97.124708)
 -0.001675 ( 31.498325) --   0.000289 (-96.999711)

 -0.000188 ( 31.374812) --   0.000317 (-97.999683)
 -0.000377 ( 31.374623) --   0.000314 (-97.874686)
 -0.000566 ( 31.374434) --   0.000310 (-97.749690)
 -0.000755 ( 31.374245) --   0.000307 (-97.624693)
 -0.000945 ( 31.374055) --   0.000303 (-97.499697)
 -0.001135 ( 31.373865) --   0.000299 (-97.374701)
 -0.001325 ( 31.373675) --   0.000296 (-97.249704)
 -0.001515 ( 31.373485) --   0.000292 (-97.124708)
 -0.001706 ( 31.373294) --   0.000288 (-96.999712)

 -0.000192 ( 31.249808) --   0.000317 (-97.999683)
 -0.000384 ( 31.249616) --   0.000313 (-97.874687)
 -0.000576 ( 31.249424) --   0.000310 (-97.749690)
 -0.000769 ( 31.249231) --   0.000306 (-97.624694)
 -0.000962 ( 31.249038) --   0.000303 (-97.499697)
 -0.001155 ( 31.248845) --   0.000299 (-97.374701)
 -0.001349 ( 31.248651) --   0.000295 (-97.249705)
 -0.001543 ( 31.248457) --   0.000292 (-97.124708)
 -0.001737 ( 31.248263) --   0.000288 (-96.999712)

 -0.000195 ( 31.124805) --   0.000317 (-97.999683)
 -0.000391 ( 31.124609) --   0.000313 (-97.874687)
 -0.000587 ( 31.124413) --   0.000309 (-97.749691)
 -0.000783 ( 31.124217) --   0.000306 (-97.624694)
 -0.000980 ( 31.124020) --   0.000302 (-97.499698)
 -0.001177 ( 31.123823) --   0.000298 (-97.374702)
 -0.001374 ( 31.123626) --   0.000295 (-97.249705)
 -0.001571 ( 31.123429) --   0.000291 (-97.124709)
 -0.001769 ( 31.123231) --   0.000288 (-96.999712)

 -0.000199 ( 30.999801) --   0.000316 (-97.999684)
 -0.000398 ( 30.999602) --   0.000313 (-97.874687)
 -0.000597 ( 30.999403) --   0.000309 (-97.749691)
 -0.000797 ( 30.999203) --   0.000305 (-97.624695)
 -0.000997 ( 30.999003) --   0.000302 (-97.499698)
 -0.001198 ( 30.998802) --   0.000298 (-97.374702)
 -0.001398 ( 30.998602) --   0.000295 (-97.249705)
 -0.001599 ( 30.998401) --   0.000291 (-97.124709)
 -0.001801 ( 30.998199) --   0.000287 (-96.999713)

 -0.000202 ( 30.874798) --   0.000316 (-97.999684)
 -0.000405 ( 30.874595) --   0.000312 (-97.874688)
 -0.000608 ( 30.874392) --   0.000309 (-97.749691)
 -0.000812 ( 30.874188) --   0.000305 (-97.624695)
 -0.001015 ( 30.873985) --   0.000301 (-97.499699)
 -0.001219 ( 30.873781) --   0.000298 (-97.374702)
 -0.001423 ( 30.873577) --   0.000294 (-97.249706)
 -0.001628 ( 30.873372) --   0.000291 (-97.124709)
 -0.001833 ( 30.873167) --   0.000287 (-96.999713)

 -0.000206 ( 30.749794) --   0.000315 (-97.999685)
 -0.000412 ( 30.749588) --   0.000312 (-97.874688)
 -0.000619 ( 30.749381) --   0.000308 (-97.749692)
 -0.000826 ( 30.749174) --   0.000305 (-97.624695)
 -0.001033 ( 30.748967) --   0.000301 (-97.499699)
 -0.001241 ( 30.748759) --   0.000297 (-97.374703)
 -0.001448 ( 30.748552) --   0.000294 (-97.249706)
 -0.001656 ( 30.748344) --   0.000290 (-97.124710)
 -0.001865 ( 30.748135) --   0.000287 (-96.999713)

 -0.000210 ( 30.624790) --   0.000315 (-97.999685)
 -0.000420 ( 30.624580) --   0.000311 (-97.874689)
 -0.000630 ( 30.624370) --   0.000308 (-97.749692)
 -0.000840 ( 30.624160) --   0.000304 (-97.624696)
 -0.001051 ( 30.623949) --   0.000301 (-97.499699)
 -0.001262 ( 30.623738) --   0.000297 (-97.374703)
 -0.001474 ( 30.623526) --   0.000293 (-97.249707)
 -0.001685 ( 30.623315) --   0.000290 (-97.124710)
 -0.001897 ( 30.623103) --   0.000286 (-96.999714)

 -0.000213 ( 30.499787) --   0.000314 (-97.999686)
 -0.000427 ( 30.499573) --   0.000311 (-97.874689)
 -0.000641 ( 30.499359) --   0.000307 (-97.749693)
 -0.000855 ( 30.499145) --   0.000304 (-97.624696)
 -0.001069 ( 30.498931) --   0.000300 (-97.499700)
 -0.001284 ( 30.498716) --   0.000297 (-97.374703)
 -0.001499 ( 30.498501) --   0.000293 (-97.249707)
 -0.001714 ( 30.498286) --   0.000289 (-97.124711)
 -0.001930 ( 30.498070) --   0.000286 (-96.999714)

 -0.000217 ( 30.374783) --   0.000314 (-97.999686)
 -0.000434 ( 30.374566) --   0.000310 (-97.874690)
 -0.000652 ( 30.374348) --   0.000307 (-97.749693)
 -0.000870 ( 30.374130) --   0.000303 (-97.624697)
 -0.001088 ( 30.373912) --   0.000300 (-97.499700)
 -0.001306 ( 30.373694) --   0.000296 (-97.374704)
 -0.001525 ( 30.373475) --   0.000293 (-97.249707)
 -0.001744 ( 30.373256) --   0.000289 (-97.124711)
 -0.001963 ( 30.373037) --   0.000285 (-96.999715)

 -0.000221 ( 30.249779) --   0.000314 (-97.999686)
 -0.000442 ( 30.249558) --   0.000310 (-97.874690)
 -0.000663 ( 30.249337) --   0.000307 (-97.749693)
 -0.000884 ( 30.249116) --   0.000303 (-97.624697)
 -0.001106 ( 30.248894) --   0.000299 (-97.499701)
 -0.001328 ( 30.248672) --   0.000296 (-97.374704)
 -0.001551 ( 30.248449) --   0.000292 (-97.249708)
 -0.001773 ( 30.248227) --   0.000289 (-97.124711)
 -0.001996 ( 30.248004) --   0.000285 (-96.999715)

 -0.000224 ( 30.124776) --   0.000313 (-97.999687)
 -0.000449 ( 30.124551) --   0.000310 (-97.874690)
 -0.000674 ( 30.124326) --   0.000306 (-97.749694)
 -0.000899 ( 30.124101) --   0.000303 (-97.624697)
 -0.001125 ( 30.123875) --   0.000299 (-97.499701)
 -0.001350 ( 30.123650) --   0.000295 (-97.374705)
 -0.001577 ( 30.123423) --   0.000292 (-97.249708)
 -0.001803 ( 30.123197) --   0.000288 (-97.124712)
 -0.002030 ( 30.122970) --   0.000285 (-96.999715)

 -0.000228 ( 29.999772) --   0.000313 (-97.999687)
 -0.000456 ( 29.999544) --   0.000309 (-97.874691)
 -0.000685 ( 29.999315) --   0.000306 (-97.749694)
 -0.000914 ( 29.999086) --   0.000302 (-97.624698)
 -0.001143 ( 29.998857) --   0.000299 (-97.499701)
 -0.001373 ( 29.998627) --   0.000295 (-97.374705)
 -0.001603 ( 29.998397) --   0.000292 (-97.249708)
 -0.001833 ( 29.998167) --   0.000288 (-97.124712)
 -0.002063 ( 29.997937) --   0.000284 (-96.999716)

