#VRML V1.0 ascii
# North Maze Surveys
DEF BackgroundColor Info {
	string "0.000 0.000 0.000"
}
Coordinate3 {
	point [ 
		0.0 0.0 0.0,
		-2.1 -4.8 -25.4,
		-2.1 -4.8 -57.9,
		-0.5 9.2 -89.1,
		0.4 15.9 -94.8,
		13.4 21.8 -98.3,
		19.5 26.2 -93.9,
		22.7 30.4 -92.5,
		19.8 32.2 -99.4,
		11.0 25.8 -99.2,
		28.3 39.7 -98.1,
		26.5 27.2 -99.6,
		25.2 20.6 -99.6,
		16.7 15.3 -99.8,
		10.2 11.4 -98.9,
		0.7 28.8 -85.7,
		3.3 35.0 -94.6,
		3.4 40.1 -92.3,
		0.4 46.1 -90.8,
		8.7 58.8 -84.7,
		3.0 69.4 -89.9,
		-6.6 82.6 -91.1,
		-14.5 88.3 -94.9,
		-16.2 98.6 -92.3,
		-24.1 108.0 -91.7,
		-15.0 110.8 -95.9,
		-9.9 116.0 -96.0,
		-2.2 115.0 -95.3,
		-2.2 126.0 -96.1,
		-3.9 130.9 -95.1,
		-9.5 130.3 -95.6,
		-7.9 118.3 -94.6,
		-16.0 131.6 -99.2,
		-18.8 136.7 -99.9,
		-19.1 142.1 -100.1,
		-21.3 144.7 -102.5,
		-24.0 145.0 -103.8,
		-24.0 149.5 -103.6,
		-27.6 147.8 -103.6,
		-27.6 150.1 -103.6,
		-30.8 148.8 -104.3,
		-32.6 145.3 -104.4,
		-37.3 140.2 -108.7,
		-41.3 138.2 -93.0,
		-44.9 136.9 -93.1,
		-34.1 135.3 -102.2,
		-32.0 136.0 -102.7,
		-29.2 141.6 -104.2,
		-27.6 144.5 -103.6,
		-26.3 140.4 -103.5,
		-27.7 137.8 -101.8,
		-22.0 133.0 -100.8,
		-24.7 131.6 -100.1,
		-22.7 127.6 -103.2,
		-25.3 126.4 -102.0,
		-24.1 123.3 -100.3,
		-28.8 119.7 -98.0,
		-38.6 121.8 -98.4,
		-44.0 123.6 -100.9,
		-51.6 133.2 -104.3,
		-52.5 139.4 -102.6,
		-56.5 138.5 -106.6,
		-59.9 143.2 -106.9,
		-62.3 143.8 -107.0,
		-61.9 147.9 -107.9,
		-62.2 150.9 -106.6,
		-57.4 150.3 -104.6,
		-57.2 154.4 -105.4,
		-53.9 151.3 -102.4,
		-50.8 152.5 -100.4,
		-59.6 162.6 -104.0,
		-63.1 170.0 -106.9,
		-63.1 174.9 -106.2,
		-59.3 177.3 -105.9,
		-59.4 179.3 -106.0,
		-61.7 185.0 -105.1,
		-60.0 193.1 -103.7,
		-60.6 196.1 -103.0,
		-63.6 199.8 -103.6,
		-61.4 205.9 -103.5,
		-63.0 210.4 -105.4,
		-72.7 209.3 -108.2,
		-78.7 206.6 -108.6,
		-81.2 208.7 -108.8,
		-83.8 208.0 -107.3,
		-96.3 211.5 -109.9,
		-100.9 213.1 -110.8,
		-106.4 210.2 -110.1,
		-113.3 212.8 -108.0,
		-115.1 212.0 -108.5,
		-117.7 214.3 -108.5,
		-118.7 216.9 -109.6,
		-120.8 219.8 -110.3,
		-122.5 220.7 -109.9,
		-123.1 224.5 -111.2,
		-127.8 224.9 -111.7,
		-136.6 222.4 -113.3,
		-137.7 220.6 -113.3,
		-136.5 220.3 -112.3,
		-138.1 217.5 -111.6,
		-139.6 217.3 -111.3,
		-139.9 219.0 -111.6,
		-137.3 221.0 -112.8,
		-138.8 223.3 -113.2,
		-139.1 228.7 -114.8,
		-141.3 229.1 -115.1,
		-143.5 227.8 -114.5,
		-149.4 226.3 -115.9,
		-153.6 225.2 -115.5,
		-158.7 225.5 -117.0,
		-159.0 227.1 -116.1,
		-161.6 228.3 -115.0,
		-164.5 228.4 -118.4,
		-165.5 233.0 -119.7,
		-169.4 231.1 -117.8,
		-174.5 238.2 -120.1,
		-178.0 236.4 -119.7,
		-179.8 237.9 -120.5,
		-181.2 233.8 -117.4,
		-185.0 224.5 -115.9,
		-184.7 215.9 -114.4,
		-191.4 207.7 -114.6,
		-195.4 202.7 -114.4,
		-198.1 202.5 -115.5,
		-202.0 205.2 -116.0,
		-209.1 205.9 -116.6,
		-226.9 197.3 -115.1,
		-223.7 186.1 -114.3,
		-225.6 183.9 -114.0,
		-233.4 179.6 -113.2,
		-235.8 172.9 -113.6,
		-241.7 165.7 -114.7,
		-253.4 165.3 -113.8,
		-257.7 161.7 -114.5,
		-258.6 152.7 -114.8,
		-266.5 148.5 -114.3,
		-269.3 151.0 -114.6,
		-272.9 153.0 -114.8,
		-269.6 158.3 -115.2,
		-263.4 161.3 -115.0,
		-248.7 174.1 -115.8,
		-165.4 222.1 -117.1,
		-164.9 220.1 -115.8,
		-163.5 215.0 -115.1,
		-159.6 217.0 -113.2,
		-134.2 220.6 -112.1,
		-133.8 219.3 -112.0,
		-129.0 218.7 -111.1,
		-123.4 219.2 -109.9,
		-125.5 216.6 -108.5,
		-128.5 215.1 -109.8,
		-128.2 210.2 -107.8,
		-124.6 209.8 -105.1,
		-121.7 208.1 -104.4,
		-122.5 205.7 -105.0,
		-121.3 205.5 -104.6,
		-121.5 217.0 -109.5,
		-115.9 209.3 -107.6,
		-111.8 208.5 -108.0,
		-107.1 207.2 -109.3,
		-101.6 207.9 -107.8,
		-96.1 214.0 -111.3,
		-82.1 204.5 -106.5,
		-78.1 205.0 -106.7,
		-59.1 203.8 -104.3,
		-63.0 215.3 -107.5,
		-61.6 223.3 -109.7,
		-58.4 225.6 -109.7,
		-56.4 231.0 -110.7,
		-54.0 231.4 -110.2,
		-50.6 230.0 -109.3,
		-46.2 235.9 -112.7,
		-42.4 225.9 -109.0,
		-39.3 225.7 -109.3,
		-37.2 222.2 -108.5,
		-34.2 225.1 -110.1,
		-28.0 232.5 -107.0,
		-24.4 234.3 -110.1,
		-21.1 233.7 -110.1,
		-21.3 243.1 -113.5,
		-21.6 258.6 -120.3,
		-18.2 265.8 -122.3,
		-11.0 276.0 -124.5,
		-6.9 283.5 -124.5,
		0.5 286.2 -124.5,
		8.8 279.0 -121.5,
		14.3 283.4 -120.2,
		18.1 288.5 -120.2,
		29.8 278.2 -117.5,
		32.4 276.6 -116.7,
		31.5 273.3 -115.8,
		37.0 280.0 -119.3,
		43.9 284.0 -119.3,
		44.6 278.6 -120.4,
		46.2 285.6 -121.1,
		48.6 283.7 -121.0,
		50.0 276.6 -119.7,
		49.9 272.2 -118.2,
		44.3 268.2 -114.9,
		47.8 247.6 -98.6,
		48.4 244.7 -98.8,
		55.3 238.8 -95.4,
		56.5 245.7 -99.5,
		58.8 250.5 -99.5,
		63.2 253.8 -99.5,
		65.5 257.7 -99.5,
		67.3 251.3 -99.5,
		57.1 236.4 -95.4,
		59.8 239.7 -95.4,
		62.2 239.6 -95.4,
		60.9 235.8 -95.4,
		56.8 232.5 -95.1,
		57.1 223.3 -95.1,
		57.4 221.0 -95.1,
		54.8 220.0 -96.0,
		53.3 213.7 -95.0,
		55.2 212.1 -95.0,
		59.2 209.2 -92.6,
		63.1 206.7 -92.4,
		64.2 210.1 -92.4,
		45.7 214.4 -98.2,
		37.2 216.8 -101.2,
		28.9 211.6 -101.2,
		33.3 207.0 -98.5,
		33.9 205.2 -98.5,
		37.0 202.3 -98.5,
		33.1 198.9 -98.5,
		29.5 199.9 -98.5,
		24.3 199.0 -98.5,
		23.0 202.7 -98.5,
		19.4 202.4 -98.5,
		10.8 196.7 -93.0,
		5.3 196.6 -99.7,
		-0.3 194.9 -98.9,
		1.8 190.7 -98.6,
		4.0 188.1 -99.8,
		9.1 186.8 -98.7,
		9.5 188.4 -99.0,
		13.3 187.9 -96.9,
		18.7 179.9 -94.7,
		23.4 172.2 -94.5,
		21.4 165.3 -89.9,
		14.6 159.8 -93.3,
		8.3 158.6 -92.9,
		13.2 149.2 -74.0,
		12.8 145.7 -63.0,
		17.7 137.4 -87.2,
		15.3 134.6 -88.7,
		18.5 123.5 -87.5,
		16.5 115.9 -91.0,
		11.0 113.8 -91.8,
		11.5 104.7 -91.1,
		8.6 99.9 -86.1,
		6.1 107.4 -92.4,
		-0.8 105.8 -93.6,
		-3.2 103.9 -90.1,
		-5.6 111.8 -95.3,
		4.4 98.2 -90.3,
		1.9 115.3 -95.4,
		3.8 116.0 -95.5,
		3.5 121.0 -95.9,
		2.4 126.2 -96.7,
		2.4 130.1 -97.9,
		1.0 135.9 -95.6,
		5.2 133.0 -96.3,
		6.9 128.2 -95.7,
		11.3 129.7 -95.0,
		13.4 127.4 -94.3,
		12.9 119.5 -92.2,
		-3.0 137.6 -96.0,
		1.0 149.8 -92.2,
		-6.1 157.5 -97.3,
		-0.4 162.0 -98.5,
		3.1 165.1 -94.9,
		4.9 172.6 -97.8,
		7.2 178.0 -97.5,
		12.2 166.0 -95.3,
		7.3 159.8 -94.0,
		1.2 155.2 -95.9,
		-6.9 165.8 -98.9,
		-5.9 168.4 -99.7,
		-6.7 179.1 -98.3,
		-9.3 178.3 -101.8,
		-15.1 181.2 -102.3,
		-15.2 177.6 -103.3,
		-25.5 179.8 -104.6,
		-26.3 177.8 -105.1,
		-31.4 174.6 -102.8,
		-30.5 171.9 -103.6,
		-32.9 168.8 -104.8,
		-32.7 165.4 -104.2,
		-34.5 160.8 -103.7,
		-39.4 164.6 -105.0,
		-41.0 161.0 -104.9,
		-36.8 157.0 -105.2,
		-29.2 152.0 -104.4,
		-27.3 156.1 -103.6,
		-31.9 158.1 -102.6,
		-28.2 160.2 -103.6,
		-26.1 159.0 -103.0,
		-24.8 161.2 -102.5,
		-26.3 166.0 -102.1,
		-27.9 165.2 -102.6,
		-28.1 168.7 -103.5,
		-23.3 169.7 -101.4,
		-20.3 172.7 -102.4,
		-24.8 174.8 -105.3,
		-15.9 175.1 -102.3,
		-12.7 172.1 -101.5,
		-11.6 173.2 -101.1,
		-14.4 168.7 -102.7,
		-10.1 165.4 -99.4,
		-13.7 163.7 -100.3,
		-19.8 166.9 -100.2,
		-20.2 163.2 -100.2,
		-22.8 162.4 -100.4,
		-21.0 157.1 -100.9,
		-22.5 151.0 -103.3,
		-16.8 157.2 -99.0,
		-10.9 160.3 -99.0,
		-17.7 146.5 -99.5,
		-36.5 155.8 -104.7,
		-37.7 154.7 -106.2,
		-36.4 152.2 -105.4,
		-32.1 149.9 -105.7,
		-35.1 145.5 -104.7,
		-40.8 152.0 -105.7,
		-42.7 156.2 -106.2,
		-40.2 156.9 -106.4,
		-44.6 158.2 -106.5,
		-46.4 160.6 -106.7,
		-49.6 164.3 -105.7,
		-44.2 163.0 -104.8,
		-44.7 147.3 -104.7,
		-40.0 147.4 -107.1,
		-37.2 146.4 -107.0,
		-50.0 166.1 -104.2,
		-45.8 170.7 -104.1,
		-44.3 176.7 -105.5,
		-38.7 174.2 -110.5,
		-34.7 181.4 -105.9,
		-33.2 183.7 -107.2,
		-26.5 185.3 -106.1,
		-22.4 187.2 -105.4,
		-20.2 190.6 -106.1,
		-18.9 192.9 -106.3,
		-13.7 191.8 -105.2,
		-18.1 197.5 -105.5,
		-13.8 197.3 -104.8,
		-10.8 196.7 -101.8,
		-8.1 191.9 -101.1,
		-11.1 185.8 -102.3,
		-8.2 186.9 -103.1,
		-2.8 186.6 -100.1,
		7.2 183.5 -98.5,
		-12.6 187.0 -103.8,
		-11.6 188.9 -103.8,
		-15.6 189.0 -104.1,
		-15.8 187.1 -104.4,
		-17.3 184.1 -104.0,
		-20.1 184.2 -104.6,
		-19.6 186.2 -104.8,
		-23.2 184.9 -105.5,
		-25.0 184.3 -106.1,
		-28.8 183.5 -106.6,
		-28.7 181.9 -105.5,
		-23.9 181.8 -104.9,
		-21.3 182.4 -105.1,
		-19.0 180.6 -104.3,
		-23.0 178.8 -104.6,
		-20.0 187.4 -104.9,
		-18.2 190.1 -104.9,
		-20.8 195.6 -106.4,
		-23.7 194.1 -105.5,
		-24.2 192.8 -106.5,
		-26.4 188.3 -106.2,
		-29.3 185.8 -106.0,
		-32.6 185.6 -105.3,
		-27.8 191.2 -106.4,
		-27.4 193.4 -105.7,
		-34.7 195.0 -104.8,
		-31.5 190.6 -105.5,
		-36.6 191.5 -107.6,
		-39.9 185.8 -109.1,
		-37.8 170.0 -107.6,
		-35.9 167.3 -105.1,
		-42.1 170.4 -107.8,
		-45.6 189.9 -100.7,
		-51.8 188.6 -100.0,
		-57.2 190.1 -105.0,
		-56.6 192.2 -106.0,
		-56.6 192.2 -122.5,
		16.4 162.7 -92.5,
		16.8 165.8 -90.8,
		3.8 140.7 -94.6,
		10.6 138.8 -93.1,
		13.5 134.3 -89.6,
		17.0 96.5 -92.4,
		17.5 102.1 -92.0,
		14.9 106.8 -91.2,
		18.2 110.5 -91.6,
		20.8 104.9 -92.3,
		19.7 102.1 -92.7,
		24.1 102.2 -92.3,
		25.1 97.5 -86.8,
		31.8 98.0 -87.9,
		27.9 103.2 -90.2,
		33.2 106.3 -87.3,
		37.6 111.9 -87.9,
		30.7 112.2 -89.7,
		36.1 116.4 -86.5,
		32.6 120.6 -87.3,
		24.9 131.7 -88.3,
		23.3 141.2 -88.2,
		26.7 142.9 -81.5,
		21.7 144.0 -86.4,
		20.0 147.9 -88.6,
		30.9 142.8 -87.8,
		28.9 140.3 -88.2,
		32.5 140.6 -90.6,
		30.4 140.5 -89.8,
		30.9 143.9 -89.1,
		33.5 151.4 -93.1,
		37.7 154.1 -91.8,
		24.6 159.1 -91.8,
		40.8 157.2 -91.8,
		36.4 141.3 -90.6,
		36.5 144.0 -90.6,
		32.5 141.8 -90.6,
		33.8 135.8 -90.9,
		43.6 128.1 -85.9,
		32.8 131.5 -90.2,
		31.6 134.9 -89.9,
		46.3 130.0 -85.9,
		42.7 124.5 -85.6,
		38.9 123.5 -83.6,
		47.1 118.8 -87.4,
		45.5 111.1 -86.5,
		38.9 107.5 -86.1,
		42.1 104.3 -86.4,
		41.0 102.0 -87.9,
		43.7 104.5 -88.1,
		44.3 101.0 -86.0,
		45.0 98.7 -86.0,
		41.5 97.7 -84.5,
		48.7 99.2 -22.0,
		50.1 94.4 -84.7,
		52.5 88.8 -80.4,
		43.3 76.6 -79.2,
		49.1 111.8 -86.5,
		22.6 129.3 -88.2,
		24.7 121.2 -94.7,
		31.9 103.1 -89.2,
		28.5 105.1 -90.2,
		24.5 108.1 -91.9,
		20.7 115.9 -92.3,
		21.0 93.2 -87.4,
		15.0 87.0 -86.1,
		6.0 192.4 -98.7,
		3.8 289.4 -127.7,
		12.0 301.2 -127.7,
		25.1 306.9 -127.7,
		25.1 313.0 -127.7,
		-14.5 280.9 -126.8,
		-61.5 225.9 -109.7,
		-66.8 155.3 -108.9,
		-72.8 153.5 -114.6,
		-71.3 134.2 -117.5,
		-76.1 128.2 -116.3,
		-84.5 127.9 -120.1,
		-97.7 121.9 -119.6,
		-49.8 146.3 -97.8,
		-52.5 146.8 -97.7,
		-55.6 146.7 -101.8,
		-66.3 156.2 -108.3,
		-68.1 162.5 -110.4,
		-74.5 162.1 -115.7,
		-72.5 154.0 -113.7,
		-84.8 154.2 -124.3,
		-89.0 155.3 -124.3,
		-70.5 137.2 -114.5,
		-77.4 128.8 -107.2,
		-83.2 124.8 -114.4,
		-88.9 122.7 -115.0,
		-70.5 129.3 -116.9,
		-64.0 132.1 -116.6,
		-56.8 130.0 -119.6,
		-49.2 132.7 -117.4,
		-44.5 135.3 -112.5,
		-69.7 133.9 -116.7,
		-38.1 114.4 -100.0,
		-38.3 102.3 -95.1,
		-31.8 101.4 -94.2,
		-26.9 97.0 -93.8,
		-24.8 92.8 -95.2,
		-33.3 81.4 -92.9,
		-36.7 72.6 -92.3,
		-30.6 69.8 -96.7,
		-25.1 65.6 -97.0,
		-26.5 64.3 -97.0,
		-25.2 60.8 -97.0,
		-28.8 60.1 -94.5,
		-30.1 59.7 -88.7,
		-30.0 119.7 -97.4,
		-36.8 122.8 -96.0,
		-21.9 121.7 -99.9,
		-25.9 119.7 -97.1,
		-22.2 109.5 -96.5,
		-11.0 118.0 -97.4,
		15.5 55.4 -89.1,
		18.1 50.3 -85.6,
		34.2 65.3 -81.7,
		21.0 58.1 -89.5,
		13.8 43.4 -97.1,
		10.1 33.8 -97.0,
		-11.9 -10.5 -85.3]
}
Material {
	diffuseColor 0.000 1.000 1.000
}
IndexedLineSet {
	coordIndex [
		0,1,2,3,4,5,6,7,8,9,5,-1,7,10,-1,7,11,12,13,14,
		-1,13,5,-1,4,15,16,17,18,19,20,21,22,23,24,25,26,27,28,29,
		30,31,27,-1,30,32,33,34,35,36,37,38,39,40,41,42,43,44,45,42,
		-1,45,46,41,-1,46,47,48,38,-1,48,36,-1,48,49,50,33,-1,50,51,
		52,50,-1,52,53,54,55,56,45,-1,56,57,58,59,60,61,62,63,64,65,
		66,67,68,69,70,71,72,73,74,75,76,77,78,79,80,81,82,83,84,85,
		86,87,88,89,90,91,92,93,94,95,96,97,98,99,100,101,102,103,104,105,
		106,107,108,109,110,111,112,113,114,115,116,117,118,119,120,121,122,123,124,125,
		126,127,128,129,130,131,132,133,134,135,136,137,138,139,133,-1,132,140,130,-1,
		112,141,142,143,144,-1,98,145,146,147,148,93,-1,148,149,150,151,152,153,154,
		155,-1,148,156,91,-1,89,157,158,159,87,160,85,161,-1,84,162,163,82,-1,
		163,79,164,165,166,167,168,169,170,171,172,173,174,175,176,177,178,179,180,181,
		182,183,184,185,186,187,188,189,190,-1,189,191,192,-1,191,193,194,195,196,193,
		-1,196,197,198,199,200,201,202,199,-1,202,203,204,205,-1,204,206,-1,201,207,
		208,201,-1,208,209,210,207,211,212,213,214,215,216,217,218,219,213,-1,216,220,
		221,222,223,224,225,226,227,228,229,224,-1,229,230,231,232,233,234,235,236,237,
		238,231,-1,238,239,240,241,242,243,244,245,246,247,248,249,250,251,252,253,27,
		-1,253,254,255,256,26,-1,255,257,252,-1,255,25,-1,253,258,259,260,250,-1,
		260,261,28,-1,261,262,263,264,265,266,267,-1,265,262,-1,265,268,249,-1,263,
		269,270,271,272,273,274,275,276,277,273,-1,277,278,279,280,281,282,283,284,285,
		286,287,288,289,290,291,292,293,294,295,296,297,291,-1,296,298,299,300,301,302,
		290,-1,301,289,-1,301,303,288,-1,303,304,287,-1,304,305,306,287,-1,305,307,
		308,309,284,-1,309,281,-1,309,280,-1,308,310,311,312,313,310,-1,313,304,-1,
		313,314,315,300,-1,315,316,300,-1,316,317,37,-1,317,35,-1,316,318,319,312,
		-1,319,279,-1,319,271,-1,319,278,-1,318,320,35,-1,320,34,-1,312,279,-1,
		310,305,-1,299,296,-1,298,290,-1,296,39,-1,295,39,-1,294,321,322,323,324,
		325,-1,324,40,-1,323,326,327,328,322,-1,328,293,-1,328,326,-1,327,329,330,
		331,332,293,-1,331,333,334,326,-1,334,335,326,-1,335,41,-1,334,42,-1,333,
		42,-1,331,336,70,-1,336,337,338,339,340,341,342,343,344,345,346,347,348,349,
		350,351,283,-1,351,282,-1,351,352,353,281,-1,353,234,-1,353,354,275,-1,354,
		238,-1,353,350,-1,352,281,-1,351,355,356,346,-1,356,350,-1,355,357,346,-1,
		357,358,359,360,361,358,-1,361,343,-1,360,362,363,342,-1,363,364,341,-1,364,
		365,366,363,-1,366,367,360,-1,367,368,359,-1,368,284,-1,366,369,-1,365,285,
		-1,365,340,-1,362,343,-1,359,283,-1,357,370,371,344,-1,355,283,-1,347,372,
		345,-1,372,373,374,344,-1,374,375,343,-1,375,376,377,341,-1,375,378,374,-1,
		378,379,373,-1,379,380,381,378,-1,381,382,340,-1,382,380,-1,382,383,340,-1,
		383,338,-1,381,341,-1,346,344,-1,340,287,-1,339,289,-1,338,384,385,290,-1,
		384,386,338,-1,386,293,-1,338,387,388,164,-1,388,389,76,-1,389,390,391,-1,
		390,76,-1,331,69,-1,323,41,-1,278,272,-1,278,270,-1,277,243,-1,276,392,
		393,240,-1,392,241,-1,276,239,-1,270,394,395,396,247,-1,269,29,-1,252,397,
		398,399,251,-1,399,400,249,-1,400,401,402,398,-1,401,403,404,405,406,-1,405,
		407,408,409,407,-1,409,410,411,412,413,414,415,416,-1,414,417,418,419,420,421,
		422,423,424,242,-1,424,241,-1,423,425,-1,419,426,427,428,-1,419,429,430,431,
		432,418,-1,430,433,-1,430,434,435,410,-1,434,436,437,438,408,-1,438,439,440,
		441,437,-1,440,442,443,444,445,-1,443,446,447,448,-1,443,405,-1,438,407,-1,
		437,449,-1,412,450,451,249,-1,410,408,-1,407,452,453,454,455,249,-1,405,456,
		397,-1,404,398,-1,252,457,-1,237,458,232,-1,458,234,-1,186,459,460,461,462,
		-1,182,463,-1,166,464,-1,70,465,466,467,468,469,470,-1,69,471,472,473,65,
		-1,472,60,-1,471,44,-1,67,474,475,476,-1,474,477,478,479,-1,477,480,481,
		482,483,-1,481,484,485,486,487,488,-1,485,489,-1,474,65,-1,60,44,-1,58,
		490,491,492,493,494,-1,491,495,496,497,498,499,500,501,502,-1,490,57,-1,55,
		503,504,44,-1,503,24,-1,55,505,506,507,-1,505,508,26,-1,51,32,-1,50,
		45,-1,49,35,-1,47,41,-1,19,509,510,511,-1,509,512,-1,17,513,-1,16,
		514,-1,2,515]
}
Translation {
	translation -272.9 -18.8 -127.7
}
Material {
	diffuseColor 0.5 0.5 0.5
}
Coordinate3 {
	point [
		0 0 0,
		17.0 0.0 0,
		34.0 0.0 0,
		51.0 0.0 0,
		68.0 0.0 0,
		85.0 0.0 0,
		102.1 0.0 0,
		119.1 0.0 0,
		136.1 0.0 0,
		153.1 0.0 0,
		170.1 0.0 0,
		187.1 0.0 0,
		204.1 0.0 0,
		221.1 0.0 0,
		238.1 0.0 0,
		255.1 0.0 0,
		272.2 0.0 0,
		289.2 0.0 0,
		306.2 0.0 0,
		323.2 0.0 0,
		340.2 0.0 0,
		340.2 17.0 0,
		340.2 34.0 0,
		340.2 51.0 0,
		340.2 68.0 0,
		340.2 85.0 0,
		340.2 102.1 0,
		340.2 119.1 0,
		340.2 136.1 0,
		340.2 153.1 0,
		340.2 170.1 0,
		340.2 187.1 0,
		340.2 204.1 0,
		340.2 221.1 0,
		340.2 238.1 0,
		340.2 255.1 0,
		340.2 272.2 0,
		340.2 289.2 0,
		340.2 306.2 0,
		340.2 323.2 0,
		340.2 340.2 0,
		323.2 340.2 0,
		306.2 340.2 0,
		289.2 340.2 0,
		272.2 340.2 0,
		255.1 340.2 0,
		238.1 340.2 0,
		221.1 340.2 0,
		204.1 340.2 0,
		187.1 340.2 0,
		170.1 340.2 0,
		153.1 340.2 0,
		136.1 340.2 0,
		119.1 340.2 0,
		102.1 340.2 0,
		85.0 340.2 0,
		68.0 340.2 0,
		51.0 340.2 0,
		34.0 340.2 0,
		17.0 340.2 0,
		0.0 340.2 0,
		0.0 323.2 0,
		0.0 306.2 0,
		0.0 289.2 0,
		0.0 272.2 0,
		0.0 255.1 0,
		0.0 238.1 0,
		0.0 221.1 0,
		0.0 204.1 0,
		0.0 187.1 0,
		0.0 170.1 0,
		0.0 153.1 0,
		0.0 136.1 0,
		0.0 119.1 0,
		0.0 102.1 0,
		0.0 85.0 0,
		0.0 68.0 0,
		0.0 51.0 0,
		0.0 34.0 0,
		0.0 17.0 0,
		0.0 0.0 0]
}
IndexedLineSet {
	coordIndex [
		0,60,-1,
		1,59,-1,
		2,58,-1,
		3,57,-1,
		4,56,-1,
		5,55,-1,
		6,54,-1,
		7,53,-1,
		8,52,-1,
		9,51,-1,
		10,50,-1,
		11,49,-1,
		12,48,-1,
		13,47,-1,
		14,46,-1,
		15,45,-1,
		16,44,-1,
		17,43,-1,
		18,42,-1,
		19,41,-1,
		20,40,-1,
		80,20,-1,
		79,21,-1,
		78,22,-1,
		77,23,-1,
		76,24,-1,
		75,25,-1,
		74,26,-1,
		73,27,-1,
		72,28,-1,
		71,29,-1,
		70,30,-1,
		69,31,-1,
		68,32,-1,
		67,33,-1,
		66,34,-1,
		65,35,-1,
		64,36,-1,
		63,37,-1,
		62,38,-1,
		61,39,-1,
		60,40]
}
